1.17,1.2665
1.5799,0.33855
0.28569,1.399
1.2726,0.63589
1.1008,1.0766
0.58647,0.95563
0.86289,1.2735
1.1083,1.2551
2.1316,1.1503
1.8758,0.48091
0.57313,0.3189
1.9597,0.16891
1.2294,1.452
0.98006,0.56146
1.226,1.289
0.93518,1.0843
0.96074,1.6206
1.4711,-0.055845
1.4456,0.69451
1.4482,0.27064
1.2123,2.1103
0.61816,1.5361
1.2268,1.4635
1.5155,0.29957
1.1546,0.72666
1.3272,0.72242
1.2299,1.3446
0.90404,0.93174
1.0929,1.247
0.75104,0.26614
1.2809,0.71151
0.63726,0.83684
0.66199,0.50927
0.74401,1.3405
0.068936,1.5835
1.4549,0.78658
1.1028,0.39067
0.76127,1.591
1.4333,0.92983
0.45877,1.1455
0.96767,1.0257
0.92365,0.92858
1.1009,0.21736
1.0989,0.83104
0.7265,0.78896
0.9905,0.59512
0.94786,0.54231
1.1985,0.67755
1.3457,-0.010623
1.3508,1.228
0.72689,1.3541
1.0245,0.97939
0.61606,1.1774
0.64788,0.84216
0.99783,1.4272
1.4847,0.70194
0.75661,0.82279
1.1174,1.5066
0.92866,0.94164
1.3533,0.57692
0.65561,1.0493
1.0103,0.64014
1.1747,0.44405
1.348,1.8827
1.4883,1.4484
1.0272,1.1151
0.52832,0.70995
0.76526,0.75532
0.6643,1.094
1.7433,0.95943
0.80533,0.54012
1.2366,-0.092935
0.93915,0.42422
1.281,0.99902
0.75813,1.2846
0.55656,1.4107
0.55021,1.1704
1.1544,0.99965
0.94391,0.82886
0.938,1.3916
1.4488,0.20595
1.0922,1.1442
1.0626,0.61368
1.5021,0.60887
0.74561,1.3584
1.2203,1.3245
1.2641,0.40042
0.92293,1.5659
1.0682,1.2421
0.63133,1.1559
0.63699,1.0998
1.0332,0.89239
1.2284,0.759
1.8176,0.60084
0.78911,1.1269
1.0592,1.3159
0.97391,1.6518
0.38872,1.501
0.86119,0.98168
0.43247,1.5453
